86566510 15647839
86566510 197134784
74286565 19315174
22679419 45705189
14559570 24742040
63644892 123004655
123004655 17613979
14559570 14269220
3365291 93905958
199097645 16547411
14874480 197134784
813286 15434432
123004655 10211502
34870269 25566593
24741956 16547411
24741956 18927441
14559570 22831657
74286565 15670515
7465732 90569268
74286565 15434432
16112634 20065583
520835497 15913
15919138 15913
849131 101760242
59804598 30582362
197134784 34236703
63433165 20397258
18859819 18927441
86566510 183967095
15434432 15670515
38521400 811377
7465732 3365291
59804598 29758446
15959795 59804598
90961424 24742040
16409781 24741685
174347580 460486951
174347580 54959836
111210694 15913
7420772 22831657
113751683 59804598
100063647 19595287
45705189 90569268
163617802 20397258
22844286 63644892
15647839 11272122
15647839 10876852
17613979 30582362
292472511 53253
245487159 3365291
16409781 849131
197134784 813286
14114985 18927441
2521991 63644892
113751683 3359851
45705189 38521400
74286565 24741685
15434432 17034634
22844286 245487159
63644892 22844286
15670515 849131
14444530 93905958
54959836 34236703
15434432 15919138
174347580 10822802
30582362 5623612
245487159 93905958
12611642 45705189
24742040 15913
7465732 15913
245487159 14559570
16425197 16409781
38521400 111210694
86566510 30582362
22844286 207409695
3365291 74286565
15670515 14559570
404756390 24742040
20397258 14559570
16425197 16547411
3365291 5623612
30582362 182844433
360864191 17034634
45705189 22831657
15670515 19628262
14559570 813286
16547411 16425197
16547411 19315174
63644892 15913
16409781 15913
19777424 16231701
63644892 182844433
63644892 100063647
15919138 11272122
14269220 15913
36851222 24742040
292472511 24283831
59804598 813286
404756390 12611642
2521991 16547411
25566593 90569268
17034634 14874480
25566593 15913
63644892 22679419
14874480 91396874
91396874 16425197
183967095 20065583
16547411 24742040
22844286 16547411
15434432 24742040
849131 59804598
28490110 113751683
34870269 5623612
15647839 19315174
19628262 101760242
20439140 16409781
245487159 19777424
36851222 813286
54959836 59804598
86566510 245487159
123004655 24742040
5623612 24741685
86566510 123004655
15647839 74286565
123004655 19777424
59804598 19628262
36851222 849131
3359851 38521400
28490110 14444530
63644892 36851222
182844433 14269220
38521400 45705189
245487159 813286
63644892 5623612
14114985 123004655
15670515 18859819
360864191 91396874
59804598 24283831
17613979 100063647
183967095 15913
24741685 460486951
182844433 59804598
19595287 17230018
14444530 123004655
91396874 24741685
15670515 7465732
22679419 59804598
123004655 17034634
20397258 38521400
16425197 74286565
38521400 20065583
20065583 91396874
14444530 74286565
7465732 5623612
245487159 20397258
38521400 29758446
276575319 29758446
86566510 182844433
15434432 91396874
24741956 24742040
16231701 91396874
36851222 15913
14874480 14114985
54959836 11272122
45705189 3359851
90961424 849131
90961424 16425197
5623612 3359851
20065583 86566510
19628262 19315174
63433165 182844433
199097645 17034634
90569268 18859819
404756390 86566510
5623612 22831657
15919138 16547411
3359851 93905958
183967095 5623612
16231701 18859819
3359851 14444530
197134784 59804598
63644892 74286565
123004655 14164970
59804598 22831657
15434432 24741685
28490110 24742040
3365291 17230018
36851222 86566510
36851222 17613979
276575319 38521400
14164970 100063647
34236703 18859819
34236703 16231701
93905958 276575319
29758446 24742040
16112634 3359851
7420772 45705189
12611642 15919138
16425197 15913
101760242 2521991
15670515 34236703
59804598 24742040
20065583 90569268
24283831 17230018
17613979 207409695
245487159 15434432
20439140 74286565
86566510 63644892
182844433 207409695
7465732 93905958
36851222 199097645
123004655 91396874
59804598 28490110
10211502 14269220
16112634 59804598
28490110 276575319
360864191 16231701
22844286 24742040
17034634 15913
14874480 90961424
199097645 74286565
14164970 14444530
90961424 174347580
14269220 18927441
14874480 17034634
36851222 182844433
24741685 19595287
5623612 123004655
276575319 111210694
15670515 20439140
2521991 24742040
813286 14559570
22844286 404756390
18859819 11272122
36851222 91396874
10211502 18927441
18859819 19595287
36851222 197134784
36851222 74286565
45705189 22679419
5623612 22844286
24742040 19315174
14444530 19777424
14114985 101760242
15913 14269220
15647839 849131
63433165 16547411
59804598 19595287
36851222 81277268
86566510 24742040
15647839 17034634
17230018 53253
20439140 15913
36851222 17034634
199097645 15670515
24742040 123004655
183967095 22844286
16547411 15647839
16409781 86566510
5623612 59804598
59804598 34870269
63644892 19777424
16425197 91396874
17034634 24741685
3359851 24741685
404756390 16112634
15647839 15670515
22679419 63433165
63644892 163617802
360864191 36851222
34870269 22831657
197134784 24741685
100063647 207409695
81277268 15670515
20397258 276575319
212843201 93905958
22831657 16425197
22844286 90569268
20397258 111210694
15434432 20439140
36851222 45705189
14559570 11272122
404756390 10211502
22679419 54959836
11272122 197134784
16231701 123004655
14874480 36851222
14874480 10822802
849131 19315174
123004655 20439140
404756390 123004655
20065583 59804598
15434432 15913
38521400 93905958
36851222 25441614
19889669 3359851
16547411 2521991
7465732 34870269
15670515 74286565
16409781 18859819
3359851 111210694
22679419 20065583
197134784 24742040
20439140 24741685
54959836 30313925
16425197 199097645
15670515 16231701
15434432 22679419
30582362 207409695
24283831 292472511
24742040 19777424
22844286 16425197
123004655 30582362
7465732 14269220
5623612 86566510
91396874 14269220
14269220 11272122
38521400 16112634
14874480 174347580
16112634 45705189
10822802 197134784
207409695 24742040
18859819 15913
14444530 16547411
14444530 18859819
16112634 111210694
3365291 123004655
113751683 22831657
404756390 18927441
16112634 38521400
7465732 24742040
28490110 38521400
3365291 29758446
101760242 849131
16547411 15670515
34870269 3359851
59804598 19777424
111210694 93905958
11272122 24742040
813286 3359851
404756390 14444530
38521400 28490110
34236703 19777424
245487159 183967095
19777424 14269220
34236703 849131
30582362 63644892
123004655 15670515
14164970 15913
19777424 11272122
15647839 16547411
5623612 12611642
16425197 14874480
14114985 59804598
849131 17230018
22679419 93905958
20065583 63433165
849131 11272122
182844433 100063647
123004655 12611642
15434432 15647839
11272122 24741685
5623612 15913
54959836 849131
18859819 3365291
14444530 245487159
15919138 20439140
111210694 276575319
24741956 90569268
19777424 207409695
10211502 15670515
14114985 91396874
11272122 14269220
59804598 81277268
11272122 245487159
14269220 16425197
63433165 14874480
849131 19595287
38521400 18927441
3359851 63433165
20065583 14269220
22844286 63433165
17230018 813286
17613979 182844433
90961424 813286
14444530 16231701
59804598 16231701
34870269 368026849
11272122 19315174
15434432 14874480
36851222 14164970
3365291 113751683
16425197 15670515
22679419 25566593
15670515 93905958
93905958 7465732
91396874 199097645
14269220 123004655
16231701 15913
19777424 63644892
197134784 14269220
245487159 20065583
54959836 16409781
63644892 813286
63433165 86566510
15670515 19777424
19595287 15913
197134784 90961424
183967095 123004655
10822802 90961424
123004655 813286
14444530 16409781
14269220 22831657
22844286 15913
90569268 18927441
245487159 14444530
22844286 29758446
11272122 16409781
11272122 22831657
14444530 29758446
54959836 20439140
16409781 15647839
245487159 18927441
10822802 849131
63644892 18927441
24741685 16409781
276575319 59804598
197134784 19777424
38521400 276575319
849131 20439140
59804598 20397258
11272122 86566510
10822802 14874480
93905958 45705189
63644892 16409781
19777424 93905958
20065583 29758446
30582362 16547411
3359851 24742040
3359851 18859819
10211502 63433165
45705189 63433165
15959795 15913
276575319 15913
849131 15913
90961424 74286565
20397258 123004655
11272122 14559570
19595287 24741685
11272122 15919138
63433165 5623612
45705189 28490110
3365291 101760242
113751683 20065583
813286 10822802
54959836 19315174
15919138 14874480
404756390 22844286
59804598 3365291
123004655 3359851
93905958 19777424
16425197 20439140
123004655 24741685
3365291 14444530
16112634 276575319
20397258 14444530
113751683 276575319
14444530 183967095
20397258 16112634
245487159 11272122
7465732 18859819
20065583 18927441
111210694 19889669
15670515 90961424
16231701 19595287
404756390 45705189
20065583 111210694
22679419 3359851
22844286 14269220
197134784 74286565
63644892 3359851
2521991 24741685
10822802 74286565
24741956 29758446
38521400 245487159
63827192 15670515
20065583 183967095
15919138 17034634
59804598 14874480
19628262 24742040
63433165 16425197
63433165 276575319
14559570 100063647
59804598 14269220
3365291 25566593
2521991 15670515
22844286 3359851
11272122 7420772
22679419 14269220
404756390 30582362
849131 74286565
38521400 15670515
123004655 36851222
54959836 3359851
11272122 17034634
15959795 22679419
63433165 30582362
25441614 15913
91396874 24742040
404756390 59804598
5623612 30582362
36851222 29758446
24741685 17034634
12611642 18859819
63644892 10211502
28490110 16112634
182844433 22679419
93905958 22679419
59804598 63433165
199097645 15647839
10211502 101760242
18859819 14874480
63827192 16409781
14444530 5623612
15959795 163617802
20439140 16425197
183967095 86566510
123004655 20397258
38521400 74286565
91396874 101760242
24741685 19315174
100063647 123004655
360864191 16547411
14559570 18859819
245487159 5623612
63644892 30582362
36851222 404756390
38521400 17230018
93905958 24742040
30582362 14164970
36851222 34870269
183967095 63644892
63644892 183967095
14114985 14874480
14444530 14559570
30582362 74286565
34236703 11272122
2521991 15434432
24741685 15434432
100063647 24742040
34870269 14444530
3365291 245487159
38521400 14874480
245487159 113751683
19777424 14444530
16409781 15919138
63644892 404756390
54959836 174347580
16409781 360864191
91396874 15913
59804598 276575319
10211502 404756390
17613979 15913
14114985 74286565
45705189 113751683
86566510 36851222
16425197 24742040
14874480 24741685
111210694 20065583
28490110 45705189
113751683 245487159
19889669 15913
36851222 174347580
849131 16547411
17613979 813286
34236703 101760242
25566593 22831657
182844433 24742040
15670515 19595287
123004655 63433165
245487159 86566510
22679419 111210694
86566510 15670515
14444530 86566510
19777424 15913
849131 15670515
3365291 22679419
20397258 19777424
813286 14676022
11272122 15647839
11272122 199097645
74286565 19595287
3365291 12611642
16112634 14444530
15919138 813286
183967095 245487159
15434432 16409781
11272122 14444530
63644892 93905958
207409695 15913
292472511 17230018
16409781 14874480
20397258 163617802
100063647 15913
30582362 123004655
24741956 15913
16409781 34870269
22844286 123004655
7420772 14269220
63644892 91396874
14269220 207409695
63644892 16112634
123004655 93905958
3365291 813286
276575319 14269220
16112634 63644892
15670515 16425197
3365291 63433165
10822802 16425197
16547411 15919138
36851222 3359851
54959836 91396874
24741685 14874480
59804598 123004655
123004655 207409695
25566593 16112634
123004655 28490110
16409781 91396874
14444530 34870269
74286565 12611642
63433165 22844286
849131 30313925
30582362 59804598
14444530 15670515
183967095 24741956
183967095 34870269
20065583 113751683
17613979 14164970
15959795 93905958
63644892 45705189
17613979 74286565
63433165 28490110
7420772 25441614
5623612 3365291
245487159 36851222
15647839 813286
14874480 24742040
63433165 183967095
22844286 30582362
207409695 182844433
18859819 16547411
45705189 3365291
14559570 15913
174347580 90961424
22679419 38521400
520835497 22831657
16409781 15670515
182844433 14164970
10211502 24741685
123004655 63644892
14269220 849131
63644892 14164970
22679419 14164970
54959836 813286
45705189 74286565
34870269 59804598
199097645 81277268
14114985 15913
183967095 14444530
5623612 63644892
20439140 15670515
14559570 14444530
30582362 15913
276575319 20397258
34870269 15959795
849131 90961424
10822802 460486951
11272122 849131
30582362 63433165
22679419 15434432
197134784 360864191
86566510 5623612
74286565 24742040
15919138 63827192
10822802 19315174
59804598 163617802
59804598 207409695
63644892 14269220
113751683 15913
59804598 14114985
18859819 123004655
123004655 24741956
123004655 34870269
123004655 59804598
19595287 22679419
16547411 14874480
123004655 25566593
22679419 276575319
7465732 24741956
174347580 14114985
5623612 7465732
22679419 36851222
74286565 14874480
36851222 16425197
111210694 113751683
123004655 14874480
123004655 14269220
36851222 16547411
12611642 3359851
245487159 30582362
197134784 15913
15919138 24741685
18859819 360864191
16425197 2521991
18859819 16409781
17230018 14874480
10211502 59804598
45705189 19595287
36851222 15670515
15647839 91396874
63644892 849131
15434432 16547411
19595287 14269220
24283831 3359851
10822802 813286
63644892 86566510
16547411 199097645
14559570 19595287
63827192 14874480
20439140 19315174
19628262 14114985
19777424 59804598
14114985 90961424
14164970 14269220
15670515 15434432
245487159 123004655
111210694 3359851
34870269 93905958
16547411 20439140
30582362 22844286
15919138 19595287
14444530 15647839
30582362 24742040
197134784 14874480
10211502 24742040
123004655 14114985
18859819 90569268
24742040 14269220
14269220 24741685
15670515 11272122
22679419 34870269
123004655 15913
86566510 19595287
15919138 24742040
7465732 111210694
111210694 59804598
20397258 3365291
22844286 101760242
19889669 28490110
14114985 19315174
86566510 15913
14874480 849131
101760242 15434432
90961424 14114985
25441614 24742040
19595287 20439140
276575319 63433165
18859819 25566593
15670515 16547411
15919138 74286565
360864191 16425197
245487159 19595287
38521400 3359851
113751683 16112634
16547411 15434432
63827192 19315174
14269220 24742040
16231701 11272122
90961424 14874480
16547411 849131
20397258 11272122
15670515 91396874
360864191 16409781
54959836 197134784
17034634 15670515
14164970 30582362
3365291 14269220
14114985 12611642
36851222 63644892
212843201 3359851
19595287 11272122
59804598 111210694
18859819 22831657
15959795 22831657
11272122 20397258
7420772 520835497
404756390 17613979
174347580 10876852
19777424 520835497
15647839 15434432
16231701 19777424
111210694 20397258
15670515 81277268
813286 15647839
14874480 16409781
24742040 18859819
93905958 3359851
12611642 59804598
91396874 16409781
14676022 30313925
7465732 15670515
3359851 113751683
45705189 7420772
59804598 15434432
59804598 15913
86566510 63433165
14874480 19315174
45705189 14269220
849131 16425197
63433165 10211502
74286565 14269220
14269220 19595287
19595287 7420772
17034634 74286565
90961424 91396874
22679419 24742040
63644892 16231701
45705189 15913
368026849 3365291
20397258 59804598
19628262 14269220
63644892 17613979
59804598 24741685
3365291 59804598
81277268 15434432
15434432 11272122
15959795 18927441
36851222 15647839
7420772 24742040
16231701 34236703
245487159 22831657
16547411 24741685
3359851 15913
22679419 10211502
14874480 813286
81277268 16409781
183967095 404756390
19595287 59804598
14444530 16112634
30582362 86566510
15647839 14444530
163617802 123004655
63644892 811377
123004655 16547411
86566510 17034634
15647839 15919138
20397258 28490110
63433165 74286565
15434432 101760242
7465732 3359851
14874480 14269220
16231701 63644892
14444530 30582362
38521400 59804598
199097645 16425197
813286 30313925
20065583 15913
460486951 811377
63433165 59804598
16547411 15913
20065583 245487159
54959836 17034634
19777424 25566593
14114985 17230018
59804598 36851222
5623612 24741956
45705189 18927441
245487159 404756390
16112634 93905958
174347580 63433165
14559570 20397258
16231701 199097645
15434432 59804598
15670515 10211502
16547411 86566510
15434432 86566510
53253 17230018
14269220 7420772
245487159 29758446
123004655 86566510
15919138 15670515
123004655 18927441
59804598 15959795
18859819 113751683
86566510 16409781
2521991 101760242
17613979 18927441
59804598 18927441
16409781 15434432
28490110 111210694
15647839 86566510
22679419 14559570
100063647 14269220
14269220 59804598
18927441 3359851
111210694 22679419
24742040 59804598
54959836 14874480
15670515 3365291
59804598 2521991
90961424 24741685
113751683 28490110
24741956 91396874
19777424 22831657
18859819 368026849
16112634 28490110
34236703 15434432
199097645 16231701
59804598 811377
45705189 93905958
63433165 93905958
5623612 38521400
245487159 59804598
813286 14874480
15434432 63827192
63644892 11272122
59804598 38521400
22831657 93905958
15919138 849131
45705189 12611642
22831657 15913
10211502 36851222
7465732 20397258
11272122 18859819
45705189 16112634
63433165 3359851
63433165 3365291
86566510 59804598
20397258 16231701
7420772 19595287
849131 24742040
212843201 15913
15919138 16425197
404756390 245487159
45705189 276575319
22844286 10211502
18859819 29758446
123004655 16231701
123004655 22679419
18859819 14559570
28490110 20397258
404756390 15913
123004655 22844286
30582362 183967095
91396874 16547411
15434432 2521991
18859819 7465732
14269220 22679419
18859819 24742040
7465732 17230018
123004655 404756390
7420772 59804598
849131 24741685
54959836 15670515
24741685 16425197
182844433 123004655
15647839 15913
15647839 199097645
22679419 123004655
15919138 15647839
15434432 16425197
24742040 16409781
18859819 7420772
34870269 16547411
22679419 7465732
63644892 59804598
276575319 16112634
163617802 63644892
34870269 15647839
38521400 813286
3359851 22679419
113751683 45705189
91396874 81277268
24742040 22679419
24741685 91396874
86566510 520835497
368026849 34870269
123004655 113751683
207409695 14444530
63827192 16425197
30582362 14444530
10211502 22844286
849131 91396874
36851222 14874480
16231701 20397258
16231701 360864191
174347580 14874480
100063647 14559570
404756390 63644892
90961424 10822802
182844433 24741685
30582362 18927441
18927441 14269220
113751683 111210694
7465732 16112634
22844286 16112634
86566510 14874480
14444530 207409695
11272122 22844286
3359851 19595287
207409695 14269220
15959795 3359851
5623612 63433165
199097645 14874480
3359851 14269220
91396874 849131
14114985 15670515
245487159 3359851
14444530 404756390
14444530 3365291
123004655 16425197
18859819 14444530
11272122 34236703
59804598 45705189
245487159 15913
14444530 3359851
199097645 59804598
63433165 14269220
19595287 813286
14874480 74286565
36851222 16231701
14874480 54959836
74286565 20439140
20065583 3365291
74286565 849131
197134784 10822802
199097645 17230018
14559570 59804598
86566510 74286565
18859819 16231701
74286565 17034634
11272122 20439140
15959795 24742040
18859819 15670515
54959836 24742040
197134784 14114985
276575319 113751683
14444530 28490110
16409781 24742040
245487159 63433165
36851222 19595287
17613979 63644892
14114985 197134784
28490110 15913
25566593 93905958
16409781 14114985
63433165 123004655
7465732 45705189
3365291 24742040
17230018 24283831
14444530 100063647
14444530 63433165
15670515 63433165
22844286 22831657
22844286 86566510
91396874 10876852
111210694 28490110
11272122 15913
14114985 17034634
849131 15919138
63644892 19595287
59804598 54959836
3365291 34870269
368026849 18859819
183967095 18859819
16112634 113751683
45705189 14874480
3365291 3359851
59804598 18859819
63433165 111210694
74286565 15913
59804598 63644892
19315174 14874480
3359851 29758446
19777424 19595287
34870269 90569268
59804598 14444530
38521400 22831657
14269220 14559570
360864191 849131
30582362 17613979
123004655 81277268
5623612 14444530
38521400 14269220
14164970 59804598
199097645 24741685
199097645 36851222
20439140 59804598
2521991 59804598
17613979 14444530
24741685 30313925
183967095 36851222
14164970 17613979
93905958 14269220
34236703 16547411
5623612 24742040
12611642 74286565
19595287 24742040
19628262 17230018
16409781 16425197
123004655 163617802
63644892 113751683
174347580 36851222
16409781 24741956
14164970 207409695
14874480 15913
11272122 74286565
17034634 16409781
16547411 123004655
38521400 22679419
11272122 59804598
63433165 245487159
16409781 101760242
63433165 849131
36851222 123004655
91396874 19315174
16409781 54959836
11272122 16231701
111210694 14269220
54959836 101760242
86566510 14444530
111210694 16112634
91396874 74286565
22679419 19628262
123004655 3365291
3359851 59804598
245487159 17034634
91396874 17034634
15434432 245487159
24741956 14444530
199097645 15913
91396874 15647839
245487159 38521400
20439140 15919138
17034634 91396874
54959836 74286565
199097645 20439140
14269220 3359851
24742040 74286565
14874480 45705189
15959795 29758446
15670515 14114985
38521400 15913
5623612 19595287
16231701 849131
16547411 11272122
59804598 100063647
15670515 24742040
199097645 24742040
2521991 17034634
36851222 63433165
101760242 54959836
113751683 93905958
404756390 36851222
25566593 14269220
123004655 11272122
24741956 123004655
3359851 30313925
212843201 20439140
24741956 7465732
24742040 3359851
19777424 245487159
3365291 22831657
19628262 15913
20397258 63644892
59804598 14559570
5623612 29758446
14676022 813286
3359851 813286
199097645 19315174
245487159 17613979
20065583 93905958
36851222 14114985
63644892 2521991
15670515 24741685
59804598 20439140
90961424 15670515
14444530 17613979
520835497 18927441
19777424 24742040
24741956 14269220
16409781 16231701
460486951 14874480
207409695 14164970
18859819 14269220
16231701 2521991
14114985 174347580
45705189 111210694
10211502 19595287
20397258 63433165
38521400 16425197
19595287 3359851
15647839 2521991
22679419 3365291
24741956 19595287
3365291 81277268
16547411 16231701
54959836 24741685
197134784 19315174
15670515 19315174
36851222 22679419
12611642 14269220
16547411 14269220
7420772 14559570
22679419 14444530
123004655 183967095
22844286 5623612
111210694 24742040
36851222 17230018
14444530 22831657
91396874 20439140
3359851 3365291
18859819 14164970
113751683 38521400
15959795 14269220
14444530 14164970
19777424 360864191
34870269 18927441
36851222 360864191
63827192 24741685
276575319 22679419
59804598 245487159
22844286 14444530
404756390 74286565
11272122 19777424
14269220 14874480
5623612 14269220
199097645 101760242
63644892 29758446
5623612 245487159
18859819 12611642
849131 14874480
15670515 16409781
3365291 20397258
54959836 15913
520835497 7420772
30582362 245487159
12611642 14114985
59804598 849131
20439140 15434432
38521400 24742040
36851222 14269220
19315174 24741685
86566510 16231701
36851222 16112634
86566510 22844286
34870269 3365291
16112634 25566593
10211502 63644892
36851222 520835497
22844286 59804598
3365291 16425197
36851222 22844286
813286 7420772
24741956 3365291
15919138 59804598
15670515 10876852
19628262 74286565
59804598 182844433
12611642 20397258
86566510 14269220
36851222 24741685
90961424 17230018
100063647 14164970
15670515 15919138
93905958 19595287
10211502 15913
24742040 19595287
63827192 15913
15670515 28490110
63433165 45705189
174347580 197134784
14444530 20397258
24742040 15670515
15959795 34236703
199097645 849131
404756390 5623612
18859819 93905958
17034634 24742040
74286565 90961424
38521400 20397258
19889669 93905958
15959795 12611642
17230018 292472511
20439140 849131
360864191 11272122
3365291 7465732
36851222 19315174
3359851 7465732
36851222 10211502
19628262 91396874
15434432 16231701
36851222 16409781
36851222 93905958
276575319 3359851
20065583 38521400
36851222 22831657
15919138 12611642
22844286 11272122
100063647 14444530
11272122 54959836
36851222 15434432
90569268 25566593
36851222 292472511
16425197 24741685
123004655 19595287
36851222 18927441
212843201 59804598
2521991 10876852
17034634 16425197
182844433 17613979
15959795 16112634
63433165 16112634
10211502 74286565
63827192 74286565
199097645 16409781
74286565 15647839
3359851 12611642
3359851 18927441
2521991 16425197
16231701 30313925
5623612 811377
183967095 207409695
3365291 45705189
15670515 17034634
14269220 74286565
74286565 16409781
14444530 36851222
5623612 93905958
3359851 22831657
17230018 38521400
123004655 19315174
123004655 182844433
163617802 93905958
34236703 91396874
20065583 20439140
63644892 18859819
22679419 18859819
81277268 22831657
59804598 93905958
16231701 36851222
86566510 15434432
20397258 14164970
14269220 12611642
123004655 74286565
34236703 199097645
22831657 14269220
207409695 100063647
212843201 24742040
3365291 15913
17613979 245487159
19777424 20397258
17613979 59804598
24741956 59804598
245487159 63644892
101760242 14114985
5623612 16547411
17034634 16547411
24741685 24742040
16547411 74286565
63644892 245487159
14444530 22844286
36851222 14444530
15959795 14444530
14444530 22679419
3359851 811377
28490110 93905958
245487159 22844286
59804598 16112634
19777424 74286565
15434432 199097645
19889669 111210694
90961424 460486951
19889669 18927441
183967095 16231701
16112634 20397258
16425197 29758446
11272122 36851222
15647839 24741685
45705189 7465732
7465732 25566593
197134784 16425197
30582362 22679419
123004655 14444530
360864191 34236703
183967095 24742040
100063647 59804598
245487159 24742040
22844286 81277268
59804598 3359851
36851222 7420772
3365291 18859819
34236703 16112634
63644892 207409695
14444530 24742040
404756390 207409695
93905958 15913
3359851 16112634
63644892 22831657
14269220 25566593
15959795 11272122
17230018 24741685
14874480 15670515
16231701 15434432
45705189 59804598
849131 14269220
14444530 15913
24741685 74286565
16231701 22831657
14559570 245487159
25566593 34870269
11272122 19595287
15434432 81277268
30582362 14269220
86566510 17613979
22679419 90569268
24741956 16425197
163617802 15959795
86566510 11272122
183967095 59804598
111210694 45705189
123004655 22831657
16231701 16547411
15919138 91396874
14874480 16425197
14559570 15670515
14444530 18927441
63644892 34870269
74286565 460486951
15670515 15647839
14444530 59804598
17034634 849131
360864191 19777424
14269220 20439140
18859819 59804598
123004655 29758446
111210694 38521400
276575319 93905958
360864191 14874480
81277268 91396874
90961424 10876852
24742040 14874480
15670515 14444530
17613979 3365291
34870269 15913
36851222 3365291
813286 2521991
93905958 22831657
16231701 86566510
91396874 14874480
16409781 59804598
183967095 30582362
100063647 182844433
15647839 16409781
18859819 3359851
24741956 16409781
24741956 3359851
3365291 368026849
20065583 63644892
11272122 16425197
63433165 15913
15670515 14874480
38521400 113751683
849131 16409781
12611642 15434432
100063647 17613979
813286 14114985
11272122 360864191
14114985 19628262
113751683 24742040
59804598 11272122
10822802 15670515
15959795 34870269
197134784 15670515
14444530 63644892
207409695 20397258
7465732 29758446
123004655 16112634
36851222 20439140
14444530 11272122
16409781 74286565
59804598 25441614
28490110 14269220
360864191 74286565
3359851 63644892
10822802 24741685
183967095 63433165
123004655 45705189
15919138 19315174
34870269 7465732
17613979 24742040
24741956 63433165
16547411 91396874
3365291 16547411
14559570 7420772
10211502 16425197
22831657 3359851
25441614 36851222
15919138 16409781
16409781 11272122
3365291 90569268
404756390 183967095
20065583 28490110
63644892 20065583
22844286 36851222
15434432 34236703
15919138 15434432
360864191 18859819
3365291 18927441
59804598 7420772
207409695 123004655
16409781 19595287
11272122 15670515
93905958 111210694
15434432 12611642
7465732 22831657
24741685 15670515
91396874 15670515
14164970 22831657
20397258 245487159
22831657 59804598
20397258 7465732
20439140 11272122
5623612 34870269
15670515 15913
30582362 36851222
24741956 14874480
93905958 38521400
17613979 14269220
36851222 59804598
182844433 7465732
74286565 16425197
22831657 7420772
20065583 14874480
34236703 360864191
25441614 22831657
34236703 16425197
199097645 197134784
45705189 24742040
163617802 59804598
15647839 101760242
123004655 18859819
17034634 19315174
10822802 174347580
45705189 29758446
17613979 404756390
36851222 30582362
14114985 16425197
16231701 183967095
74286565 91396874
111210694 63433165
15919138 30313925
11272122 91396874
16547411 18859819
276575319 28490110
16409781 20439140
24741685 15913
3365291 15670515
15919138 10876852
19777424 36851222
17613979 123004655
20439140 14874480
10822802 811377
849131 17034634
2521991 20439140
34870269 15670515
24741956 74286565
93905958 113751683
34870269 14269220
207409695 17613979
20065583 3359851
15919138 29758446
20439140 16547411
520835497 29758446
24741956 182844433
36851222 11272122
199097645 91396874
24742040 93905958
14114985 240700617
123004655 100063647
15670515 813286
59804598 5623612
182844433 15913
16547411 34870269
15434432 19315174
20065583 16112634
22844286 18927441
86566510 16547411
11272122 15434432
199097645 11272122
16409781 17034634
19595287 16231701
86566510 16425197
17613979 86566510
63433165 14444530
14269220 93905958
30582362 404756390
59804598 12611642
86566510 19315174
93905958 59804598
63644892 24742040
59804598 10211502
24741685 15919138
207409695 59804598
63644892 20397258
63433165 174347580
74286565 14114985
25441614 7420772
16231701 14444530
276575319 45705189
54959836 16425197
813286 17613979
199097645 34236703
7465732 59804598
14444530 14269220
24741685 16547411
93905958 15670515
245487159 14269220
63644892 14444530
14269220 29758446
19315174 15670515
36851222 245487159
11272122 16547411
15434432 74286565
10822802 30313925
14444530 15959795
123004655 245487159
24741956 22679419
15434432 36851222
28490110 59804598
16231701 101760242
15670515 2521991
14444530 24741956
14874480 20439140
520835497 14269220
20397258 207409695
2521991 15647839
245487159 34870269
14164970 182844433
59804598 183967095
7465732 182844433
14269220 16547411
63644892 520835497
20397258 12611642
16231701 16425197
63433165 36851222
2521991 74286565
404756390 63433165
16409781 19315174
113751683 22679419
24742040 15959795
10822802 17230018
10822802 24742040
360864191 24741685
63827192 59804598
12611642 15959795
14164970 20397258
22844286 74286565
123004655 5623612
63433165 24741956
22844286 183967095
199097645 15434432